497 942 281 619 98 61 868 676 569 87 230 693 10 411 127 672 504 641 883 334 418 83 266 405 129 967 640 311 115 599 186 269 812 831 451 643 714 898 805 180 429 57 355 822 336 452 352 853 652 775 175 460 995 899 323 685 591 335 257 134 59 381 856 615 766 288 673 525 646 669 140 26 923 892 650 63 316 862 492 849 213 911 214 81 797 890 940 15 212 173 29 697 279 421 446 517 260 576 112 179

About 1 in 500 random sequences of 100 integers don't solve with 700 instructions without optimization
710 instructions, improved to 551:
50 65 61 73 0 22 89 11 18 21 67 8 76 14 37 19 69 25 84 99 48 38 6 42 31 66 97 53 29 81 13 52 44 75 62 95 4 74 68 43 93 32 90 2 59 51 87 17 1 28 98 63 72 94 77 36 71 82 91 57 49 85 24 27 47 26 46 23 35 70 58 92 15 33 55 56 10 41 83 20 40 79 34 88 3 5 9 12 96 60 86 30 78 7 45 39 16 80 64 54
706 instructions, improved to 561:
76 57 64 3 63 12 34 69 74 22 58 56 8 7 93 47 62 24 55 10 29 2 26 42 38 66 85 94 18 39 81 87 32 0 35 16 14 31 46 28 77 92 36 72 59 97 54 9 82 52 43 21 70 90 23 20 37 83 99 73 45 67 80 75 68 98 25 33 79 88 44 51 4 78 96 49 48 86 41 30 15 89 65 95 6 60 91 71 84 11 40 50 1 61 13 53 5 19 17 27
713 instructions, improved to 522:
54 38 34 89 46 9 66 99 88 97 63 12 90 52 71 1 53 78 22 84 72 19 87 31 5 92 39 55 25 45 82 67 36 96 2 94 42 49 3 50 68 11 40 8 6 58 65 33 62 59 28 0 79 20 4 57 85 64 29 13 60 76 98 35 48 30 18 93 86 23 61 75 73 81 15 41 91 83 69 70 56 16 74 51 24 95 37 47 27 44 77 80 21 32 7 17 14 26 43 10
700 instructions, improved to 556:
41 68 64 88 11 23 36 94 24 39 19 65 32 74 98 63 14 75 53 17 87 80 67 37 26 2 33 82 6 22 72 83 7 71 20 43 29 31 62 40 25 69 54 76 92 13 15 21 89 93 66 9 99 30 18 10 57 48 61 47 44 85 78 0 38 27 49 35 70 97 52 3 60 51 90 8 46 56 28 5 86 59 34 1 12 73 4 79 16 55 45 81 42 84 96 91 50 77 95 58
